\n== 0

0
0
0
0
0
0
0
0
0
0
0
0
0
0
0
0
0
0
0
0
0
0
0
0
0
0
0
0
0
0
0
0
0
0
0
0
0
0
0
0
0
0
0
0
0
0
0
1
0
0\n== 1

0
0
0
0
0
0
0
0
0
0
0
0
0
0
0
1
0
0
0
0
0
1
0
0
0
0
0
0
0
0
0
0
0
0
0
0
0
0
2
0
0
0
1
0
0
0
0
0
0
0\n== 2

0
0
0
1
0
0
0
0
0
0
0
0
0
0
0
0
0
0
0
0
0
0
0
0
1
0
0
0
2
0
0
0
0
0
0
0
0
0
0
0
0
0
0
0
0
0
0
0
0
0\n== 3

0
0
0
0
0
0
0
0
0
0
0
1
0
0
0
0
0
0
0
0
0
0
0
0
0
0
0
0
0
0
0
0
0
0
0
0
0
0
0
0
0
0
0
0
0
1
0
0
0
1\n== 4

1
0
0
0
0
0
0
0
0
0
0
0
0
1
0
0
0
0
0
0
0
1
1
0
0
1
0
0
0
1
0
0
1
1
0
1
0
1
1
0
0
1
0
0
0
0
0
1
0
0\n== 5

2
0
1
0
0
0
0
1
2
2
1
0
1
1
1
0
1
2
0
0
2
0
2
0
1
0
1
2
1
1
1
2
0
1
0
0
1
0
2
1
1
2
0
0
2
2
0
1
2
1\n== 6

4
2
1
2
2
2
2
2
2
1
2
1
2
2
3
1
1
1
2
1
0
1
2
2
3
3
2
3
3
2
1
2
0
1
1
2
1
2
1
1
3
1
1
1
2
1
2
2
2
2\n== 7

3
3
4
2
4
3
2
3
3
3
3
3
3
4
4
4
2
3
3
3
3
3
3
4
2
3
4
3
3
4
2
3
4
2
3
4
4
4
3
4
4
3
2
2
2
4
4
2
3
3\n== 8

6
5
7
14
6
7
5
6
6
6
5
6
6
6
6
5
7
5
6
6
5
6
5
6
7
6
6
5
6
7
6
6
7
6
6
5
6
5
5
7
6
6
6
5
5
6
5
6
6
5\n== 9

11
12
13
13
11
27
12
13
12
14
14
14
14
11
11
12
15
13
22
21
25
25
11
28
12
11
21
14
13
13
25
11
11
12
21
11
16
14
30
15
21
27
13
15
11
14
27
24
12
11\n== 10

76
89
102
108
88
81
87
55
95
102
100
93
88
159
86
101
94
84
115
112
186
133
92
80
92
88
110
97
76
99
84
86
76
115
90
66
107
91
96
92
100
64
69
67
77
94
106
68
78
95\n== 11

269
299
457
434
350
249
266
187
279
296
250
210
243
302
274
274
307
254
274
272
279
362
287
231
295
245
228
213
273
316
270
256
280
241
285
250
335
511
278
284
255
263
254
235
304
289
262
244
300
257\n== 12

609
583
564
714
590
621
583
666
671
660
888
462
688
645
816
622
656
570
607
482
799
616
663
595
688
602
638
654
641
609
617
621
633
624
569
627
1045
1044
812
588
544
653
1114
745
573
574
573
580
661
565\n== 13

1120
781
1248
1208
1252
572
1390
1389
1549
1280
1421
1331
1299
969
777
1202
1561
1398
1376
1498
1427
1246
1462
1172
940
1224
1295
1585
996
939
1295
1173
859
746
851
1504
1156
1239
1335
1049
1402
1094
961
918
1503
1576
1136
1318
1612
1365\n== 14

2454
2418
1922
2293
1620
1367
3069
2285
1767
2452
2904
2072
2389
2423
1169
1182
1286
2210
2658
1705
1171
1229
1544
1298
2639
2532
1579
2315
1123
2823
1928
1185
1917
1736
2883
2255
2537
2388
1454
2393
1554
1409
1256
1850
3044
2025
2665
2614
2507
2428\n== 15

2837
2434
4381
2354
4806
4718
3761
3044
2448
2406
2574
5535
3132
2429
4614
2909
6641
4092
2472
3177
5436
3402
3088
2476
5772
3972
2713
2504
5475
2367
4720
2715
2398
2472
2411
4488
4791
2765
2502
5194
4619
3411
4217
5324
3511
4786
5431
5229
7552
3892