20~L
2
2
4
3
3
2
2
2
2
2
3
3
3
3
3
4
3
4
4
4
4
5
5
5
5
5
6
6
5
5
5
5
6
6
7
6
7
6
6
7
7
6
7
7
7
7
8
8
8
8
9
9
9
9
10
10
9
10
10
10
9
10
10
10
10
10
11
11
11
11
11
11
12
12
12
12
12
12
13
12
13
13
13
13
13
13
16
14
15
14
14
14
14
14
15
15
15
15
16
16
15
16
17
16
17
16
16
17
16
16
17
17
17
17
18
18
18
18
18
18
19
19
19
20
19
20
20
21
20
20
20
21
21
21
21
22
21
22
23
22
22
22
23
23
22
24
23
23
23
23
23
23
24
24
24
24
24
25
25
25
25
25
25
26
26
26
26
26
28
27
27
26
26
26
27
28
27
28
28
28
28
29
28
29
29
29
30
29
29
30
30
30
30
30
30
31
31
31
31
31
32
31
32
32
32
32
32
32
33
32
33
33
33
33
33
33
33
34
34
35
35
35
35
35
34
35
35
35
36
35
36
37
37
36
36
36
36
36
36
36
36
37
37
36
37
37
38
38
38
37
38
39
38
38
38
39
39
39
40
39
39
39
39
41
41
41
41
41
42
40
41
42
42
43
42
43
44
42
42
42
42
42
42
42
43
43
43
43
44
44
44
44
45
45
45
44
45
45
45
47
45
45
46
45
45
47
46
46
47
47
48
46
47
48
49
47
47
48
48
48
48
48
49
48
49
49
49
48
50
50
50
51
51
51
51
51
51
50
51
52
52
52
52
52
53
53
53
53
52
51
53
53
53
53
54
53
53
53
54
54
53
54
55
54
54
54
54
55
54
52
54
55
56
56
55
55
57
56
57
56
57
57
57
57
57
58
57
58
58
59
58
58
59
59
59
59
60
59
59
59
59
60
60
60
60
60
61
61
61
61
62
61
60
61
60
62
62
62
62
63
62
64
64
63
63
63
64
64
63
64
64
64
64
65
63
62
63
64
64
65
65
66
65
65
68
66
65
66
66
66
67
67
67
67
68
67
67
67
66
68
67
69
68
67
68
67
69
69
69
68
69
69
69
70
69
70
70
70
69
70
69
71
70
71
71
71
72
72
71
73
72
72
73
72
72
74
72
74
73
74
73
74
73
72
75
74
74
75
74
75
75
75
76
76
75
77
78
76
77
76
76
76
77
76
75
77
76
77
77
77
78
78
79
78
78
78
80
79
79
80
79
80
80
79
81
82
81
79
79
80
81
81
82
82
81
81
82
82
83
68
83
82
83
83
83
83
83
84
82
82
83
85
84
85
85
86
85
86
86
86
86
87
86
87
86
86
87
88
87
86
86
86
88
87
88
88
89
89
89
89
87
89
89
90
90
90
89
90
90
90
91
91
89
88
90
92
91
91
92
91
92
92
92
92
92
95
93
94
93
93
94
94
93
92
92
95
94
93
93
94
95
97
94
95
97
96
95
96
96
95
96
96
97
97
97
96
95
96
98
98
98
100
101
100
99
98
98
99
101
99
99
100
99
99
100
102
100
99
99
101
100
102
102
102
103
103
103
103
104
102
104
104
103
105
103
105
104
104
105
103
103
103
105
105
105
106
105
106
105
106
107
106
107
106
107
107
109
107
108
108
107
104
108
109
109
108
110
108
111
105
112
111
109
110
110
110
110
111
111
111
112
110
110
109
109
111
114
112
112
111
112
113
112
114
113
113
113
113
114
115
114
118
114
115
115
114
114
115
117
117
116
115
115
115
117
118
116
118
117
119
117
117
118
117
118
117
118
116
115
118
120
118
120
118
120
121
120
120
121
119
120
120
120
120
121
121
123
122
122
118
121
121
123
123
122
122
121
122
123
123
123
123
123
124
124
123
125
124
123
124
123
122
123
124
125
125
123
126
125
126
125
125
126
126
127
126
126
127
128
128
128
128
126
125
128
128
130
129
128
129
128
128
129
131
131
130
130
131
130
130
131
130
130
130
133
129
132
135
133
131
132
133
133
132
134
131
134
133
137
135
135
136
134
134
134
135
131
133
135
136
135
136
137
135
136
137
137
136
136
138
137
137
138
138
137
138
136
135
135
139
139
138
138
139
139
140
138
141
140
142
139
139
142
140
142
142
142
141
141
140
138
140
143
141
140
143
143
142
141
144
144
142
142
142
142
143
145
144
144
146
145
141
143
146
145
144
145
147
146
146
146
145
148
147
148
148
147
147
148
147
147
149
148
144
151
150
150
149
149
149
151
150
151
150
151
150
152
151
152
152
151
152
151
151
151
150
154
151
153
151
153
154
155
154
154
153
152
155
155
153
152
151
151
152
156
155
148
154
186
153
155
151
155
157
154
156
153
157
154
154
157
155
156
155
155
156
156
158
154
158
218
203
157
156
158
158
158
157
157
156
157
160
157
157
158
159
160
158
158
159
162
160
158
159
161
160
163
159
160
162
162
161
162
162
164
163
162
164
163
163
163
164
164
161
184
161
163
162
162
163
163
165
165
165
163
166
164
166
169
167
168
164
166
164
169
161
171
168
167
167
169
168
169
166
165
167
168
167
168
169
168
168
168
171
170
170
172
167
176
168
167
171
170
170
170
172
170
169
172
172
171
172
171
172
172
177
172
171
172
169
182
173
174
175
174
176
173
175
175
176
173
174
175
173
175
176
175
178
176
175
174
179
176
178
176
177
181
179
181
178
179
179
179
178
178
181
181
179
180
180
180
179
174
203
182
180
179
179
179
180
180
181
180
181
181
181
181
182
180
180
184
184
182
181
178
189
185
183
184
182
184
184
183
184
185
186
185
185
182
184
185
185
178
184
187
187
184
191
184
187
185
186
188
188
188
190
189
189
190
188
191
191
192
190
190
196
190
188
186
221
193
190
192
193
190
192
192
191
191
193
191
188
191
194
193
192
192
194
195
194
191
243
197
196
197
196
196
191
196
197
194
193
194
194
194
196
198
194
195
195
195
195
191
203
195
196
193
199
195
196
196
196
198
196
198
196
198
200
199
198
199
200
200
196
202
197
197
198
201
199
198
199
200
200
199
199
197
200
199
201
199
197
199
203
198
198
232
201
198
200
200
199
201
203
197
201
201
205
202
201
202
200
205
203
203
199
201
201
211
202
206
204
204
204
203
206
205
203
205
204
202
206
204
201
203
207
205
205
208
204
211
205
205
208
206
206
207
207
206
210
208
204
206
208
206
206
209
211
206
209
208
203
214
212
211
208
209
211
209
211
212
209
215
213
212
210
213
213
211
211
213
211
212
211
220
213
211
215
213
216
216
211
213
216
215
214
218
215
217
217
214
219
220
214
219
212
245
213
218
219
217
216
218
219
219
218
218
219
222
216
217
219
223
220
217
221
221
217
257
221
220
220
220
220
221
225
219
221
223
221
222
223
225
222
219
222
222
223
228
220
232
225
223
220
221
222
229
227
224
226
225
224
222
225
226
224
223
225
226
226
225
218
257
224
226
226
224
225
224
228
227
228
225
227
227
232
226
231
227
230
232
235
235
233
246
235
233
234
237
235
239
237
235
240
242
240
240
240
239
232
237
242
239
239
238
237
253
239
241
242
241
241
242
241
243
242
240
242
237
237
236
234
238
236
234
237
234
242
235
234
235
235
239
240
237
238
238
237
239
240
238
242
241
241
241
242
242
245
238
250
240
239
243
240
241
242
239
248
246
244
244
241
244
246
246
243
244
245
244
244
250
243
246
244
249
246
245
246
248
246
246
244
251
246
247
247
249
248
246
245
243
241
252
248
250
249
252
246
248
248
249
249
249
251
250
247
245
250
253
249
246
252
251
262
252
248
252
248
253
253
254
233
252
255
251
253
253
250
255
257
259
253
252
258
248
316
256
256
256
251
256
258
253
254
255
254
255
255
258
256
256
257
255
257
256
256
273
261
257
261
263
260
262
258
262
259
260
261
261
257
261
257
261
259
263
263
262
255
298
241
262
261
264
264
263
258
263
260
262
263
258
265
264
265
260
267
264
267
261
259
259
332
278
381
249
266
262
266
265
264
260
260
268
268
265
267
265
264
263
267
264
267
264
267
262
283
264
267
268
271
266
273
270
263
270
271
269
271
272
273
272
277
270
266
268
272
274
255
271
266
273
265
271
260
279
276
273
280
278
273
270
268
275
272
270
274
269
269
317
273
274
273
271
270
274
272
272
270
270
274
272
273
272
272
272
274
272
265
281
267
293
281
275
278
268
276
271
274
269
270
275
276
269
274
273
276
278
279
277
278
275
319
276
282
275
277
280
277
277
276
282
278
273
277
275
284
283
277
280
277
279
276
270
274
277
281
283
276
279
282
276
279
282
282
283
280
285
279
284
288
284
285
286
274
301
284
282
277
283
288
282
283
285
284
285
289
285
291
288
290
294
284
289
290
287
303
285
290
292
286
293
291
292
295
293
293
301
286
287
290
293
284
291
305
297
288
288
307
291
291
288
293
293
298
289
296
298
296
293
298
296
297
294
300
296
295
296
288
374
299
295
298
303
300
297
305
302
304
295
305
