\n== 0

2
0
1
0
0
1
0
0
0
1
0
2
0
2
0
0
0
0
0
0
0
0
0
0
0
0
0
0
0
0
1
0
1
0
0
0
0
0
0
0
0
0
0
0
0
0
0
0
0
0\n== 1

0
0
0
0
0
0
0
0
0
0
0
0
2
0
0
0
1
0
0
0
0
0
0
0
0
0
0
0
0
0
0
0
0
0
0
0
0
0
0
0
0
0
0
0
0
0
0
0
0
0\n== 2

0
0
0
0
0
0
0
0
0
0
0
0
0
0
0
0
0
0
0
0
0
1
0
0
0
0
0
0
0
0
0
0
0
1
0
0
0
0
0
0
1
0
0
0
0
0
0
0
0
0\n== 3

0
0
0
2
0
0
0
0
0
0
0
0
0
0
0
0
0
0
0
0
0
0
1
0
0
0
0
0
0
0
2
0
0
0
0
0
0
0
0
0
0
0
0
0
0
0
0
0
0
0\n== 4

1
0
0
0
0
1
0
0
0
0
1
0
1
0
0
0
1
0
0
0
0
0
0
0
0
0
0
0
0
0
0
2
1
2
1
0
0
0
0
0
1
0
0
0
0
0
1
0
2
0\n== 5

2
1
2
0
1
1
2
1
1
1
1
0
2
2
0
0
1
0
0
1
0
0
0
0
0
2
0
1
0
1
1
2
2
0
0
1
1
1
1
2
2
2
1
0
2
2
1
1
1
2\n== 6

2
3
1
2
1
1
1
1
2
2
0
2
0
1
2
1
2
2
2
2
2
3
3
2
1
2
1
3
2
2
2
1
0
1
2
1
1
1
2
2
2
1
2
2
1
3
2
2
2
3\n== 7

4
3
4
3
4
4
3
3
3
4
3
3
3
3
3
3
4
3
4
4
3
3
4
4
2
3
4
2
3
3
3
3
3
4
4
4
3
3
3
3
2
4
3
3
3
2
2
4
3
3\n== 8

6
6
6
6
6
6
6
6
6
6
5
5
7
6
6
7
6
6
4
5
6
6
5
5
6
6
6
7
7
6
6
7
6
6
5
6
6
5
7
7
6
6
6
5
6
7
6
6
5
6\n== 9

11
24
12
12
12
13
26
11
11
11
15
25
13
12
24
12
11
16
11
22
13
16
13
11
27
11
11
12
11
11
12
13
12
11
11
11
11
11
11
11
11
16
19
21
26
15
11
11
11
15\n== 10

97
90
65
72
155
91
187
178
105
187
68
73
83
92
78
99
97
92
105
177
72
74
60
71
79
85
66
70
105
88
82
86
121
87
112
97
91
119
75
105
124
114
117
94
93
94
88
102
69
119\n== 11

400
251
283
312
374
239
246
221
258
242
323
329
272
291
268
275
354
228
296
236
223
234
252
226
235
244
255
276
299
452
301
272
275
267
269
203
255
285
295
470
103
99
99
275
301
247
255
293
338
452\n== 12

661
879
606
526
662
729
580
907
523
259
278
1380
267
685
517
612
630
906
580
557
597
572
646
263
279
309
298
289
345
363
340
323
453
247
321
633
354
640
724
784
440
358
422
603
663
582
605
805
605
552\n== 13

1582
1623
1111
949
1090
1237
1206
1324
1151
1250
1414
1130
1204
573
1106
1189
1053
1025
802
773
1238
1323
596
487
1244
1345
1364
1203
1101
1301
1175
1092
744
709
749
680
686
1161
1259
1703
1456
1211
764
1228
1272
1164
974
898
1418
1964\n== 14

2340
1242
3001
2550
1796
1346
1280
2070
1488
2890
1823
2404
2274
1657
1153
1526
2654
2036
2227
1811
2357
2457
3386
2437
2732
1813
1388
1202
1297
2799
2382
2724
1989
2791
1834
2717
2846
2713
3206
2934
1826
1548
2220
2909
3248
2374
2741
1853
1179
1197\n== 15

2348
4829
3017
2447
3429
6646
3710
5045
3574
2461
4273
2432
3129
3130
2397
2549
3980
6570
3795
5872
3763
2788
3448
3804
2522
2466
2611
4654
4227
3000
3554
4059
2465
6293
3944
5462
3248
3673
5822
2729
2452
3271
2969
3568
5604
2940
3959
3901
2420
5309