\n== 0

1
0
0
0
0
1
0
0
0
0
0
0
0
0
0
0
0
0
0
0
0
1
0
0
0
0
0
0
0
0
0
0
0
0
0
0
1
0
0
0
0
1
1
0
0
0
0
0
0
0\n== 1

0
0
0
0
0
0
0
0
0
0
0
0
0
0
0
0
0
0
0
0
0
0
0
0
0
0
0
0
0
0
0
0
0
0
0
0
0
0
0
0
0
0
0
0
0
0
0
0
1
0\n== 2

1
0
0
0
0
0
0
0
0
0
0
0
0
0
0
0
0
0
0
0
0
0
0
0
0
0
1
0
0
1
1
0
0
0
0
0
1
1
0
0
0
0
0
0
0
0
0
0
0
0\n== 3

0
0
0
0
0
1
0
0
1
0
0
0
1
0
0
1
0
0
1
0
0
0
1
0
1
0
0
0
0
0
0
0
0
0
0
0
0
1
0
0
1
0
0
0
1
0
0
1
0
0\n== 4

1
0
0
0
0
0
0
0
0
0
0
0
0
0
0
0
0
0
0
0
1
0
0
0
0
1
1
0
0
0
0
0
1
1
0
0
0
0
0
0
0
0
0
0
0
0
0
1
1
1\n== 5

1
0
1
1
0
1
1
1
1
0
1
1
1
1
0
1
0
0
1
2
0
1
0
0
1
2
0
1
0
2
1
2
1
2
1
1
0
1
0
2
1
2
1
1
1
0
1
1
2
1\n== 6

1
2
1
2
3
2
2
2
1
2
2
1
2
2
1
2
2
2
2
2
1
1
1
2
2
2
2
2
2
2
2
2
2
1
2
1
2
2
2
2
2
2
2
2
2
1
1
1
3
2\n== 7

2
4
3
3
3
4
2
2
2
3
3
3
4
4
3
3
3
3
2
3
3
4
3
2
3
3
3
3
2
3
3
3
4
3
3
3
3
3
3
3
3
3
2
3
3
4
3
2
3
3\n== 8

7
5
6
7
6
6
6
7
6
6
7
6
5
5
6
5
6
6
6
5
5
6
6
5
7
6
6
6
6
6
6
6
6
6
6
6
6
6
7
6
6
6
6
7
6
6
6
6
5
5\n== 9

11
12
24
13
12
12
12
13
12
12
12
13
28
11
14
11
11
11
11
14
12
19
11
12
14
15
12
12
12
12
14
32
19
12
12
11
14
11
14
12
15
12
24
11
11
12
11
11
11
10\n== 10

114
81
99
129
168
159
87
102
74
104
88
94
134
67
103
114
87
88
107
174
37
108
100
90
81
99
159
79
107
79
81
106
166
125
98
105
116
108
80
87
72
95
101
78
92
95
119
181
90
160\n== 11

393
262
237
190
426
260
226
233
263
217
204
286
254
266
289
300
269
241
241
288
283
263
455
284
227
223
247
191
190
220
482
384
109
125
217
272
195
148
272
258
208
186
207
194
227
190
258
250
295
289\n== 12

885
641
651
655
646
465
406
512
643
421
345
469
296
300
624
631
527
501
480
585
580
576
564
593
590
550
553
453
410
479
473
657
916
682
541
606
556
518
629
1455
669
488
680
491
604
650
512
463
597
583\n== 13

1203
927
1122
1069
856
1429
1122
1347
1114
583
639
1352
1369
572
593
1275
1309
1205
956
495
543
547
581
931
548
1250
1248
1313
1132
1057
1058
996
890
788
718
694
948
1159
870
796
596
590
551
1029
1328
1305
1239
1032
1757
1134\n== 14

2667
2584
1248
1355
2230
2735
4008
2515
2655
2726
2761
1722
2365
3097
2138
2467
1968
1146
2749
2731
2599
2351
1352
1207
1188
1359
2991
2272
2013
1462
1520
1726
2046
2294
2655
2103
1482
2148
2730
2997
1213
1248
1224
1245
1198
2629
1830
3159
1979
1614\n== 15

3989
4935
4378
5385
4942
3337
2351
4968
3978
2349
2452
4466
2622
2299
3768
4175
2639
4817
3354
2595
2595
5481
5096
5591
3264
2506
2342
2515
2618
5192
2596
2422
2457
2303
4742
2852
3635
2502
5184
3312
4786
4289
2401
2361
5047
3817
4775
4528
5555
2655