
---0
4
3
4
3
3
3
3
3
4
3
4
3
3
3
3
3
3
3
3
3
5
3
4
3
3
3
3
3
4
5
3
3
3
3
3
4
3
4
3
4
4
4
6
3
3
3
3
4
3
3

---1
5
5
5
4
5
5
5
5
5
5
5
5
5
5
5
5
5
6
5
5
5
5
5
4
5
5
5
5
5
5
5
5
5
5
5
5
5
5
5
4
5
6
5
5
5
5
5
4
5
5

---2
7
7
8
8
8
7
8
7
7
7
8
7
8
7
8
8
8
8
9
7
8
7
7
8
7
8
8
8
8
8
8
8
8
8
8
8
8
7
7
8
8
8
7
8
8
7
8
8
7
7

---3
13
13
13
16
14
13
13
14
16
13
13
13
13
13
13
13
14
14
13
13
13
14
13
13
13
14
13
14
14
13
13
14
13
13
14
14
13
13
14
13
13
13
13
13
13
13
14
13
13
13

---4
24
24
24
25
24
24
25
24
24
24
25
24
24
24
24
24
24
25
24
25
25
25
24
24
25
24
25
24
25
26
25
25
24
24
26
25
24
18
16
24
25
25
25
24
25
25
25
25
25
24

---5
47
47
47
47
47
46
47
46
47
47
47
47
47
47
47
47
47
46
47
47
47
47
47
47
46
47
46
47
46
47
46
47
30
47
49
29
46
47
46
46
47
46
47
46
47
46
46
46
47
46

---6
93
92
91
91
92
91
92
92
94
91
92
91
91
92
92
92
91
92
91
92
93
93
93
94
94
93
96
93
92
93
93
92
93
93
93
92
92
92
93
93
93
93
94
96
105
94
60
95
94
94

---7
138
117
182
183
180
183
159
161
182
182
181
180
180
186
180
183
186
188
186
117
184
186
185
188
188
200
140
115
183
182
181
180
151
145
182
181
182
182
181
182
182
185
181
184
190
186
188
185
187
186

---8
380
226
369
363
299
320
360
364
361
371
368
351
352
393
228
361
361
343
333
370
361
361
372
371
255
195
352
377
229
360
360
313
322
360
362
363
369
337
365
366
376
373
223
228
363
286
361
360
362
345

---9
718
624
232
454
608
637
722
580
609
370
128
544
721
516
505
739
231
355
728
485
463
720
543
364
196
640
722
612
573
610
255
371
681
570
717
656
543
732
527
218
721
722
569
716
705
210
492
328
542
732

---10
995
487
165
743
663
434
1070
1041
166
748
636
443
859
526
187
498
739
436
1142
494
187
765
737
700
312
1033
262
338
825
748
128
787
438
135
806
441
141
814
634
337
1207
424
307
214
493
335
209
767
440
179

---11
349
1483
1354
1210
519
1501
259
1183
261
1200
260
1182
259
1469
272
1191
259
1187
262
1188
270
1180
259
1189
260
1187
574
1361
259
1180
255
1181
262
1184
274
1503
271
977
440
1609
261
1183
262
1187
259
1190
621
1367
260
1463

---12
736
1770
1705
1319
1474
1069
949
962
948
941
1206
1217
973
930
947
1193
1497
1193
935
1278
1168
926
942
1183
1235
943
930
935
945
934
1054
1505
1330
1055
1360
1075
952
935
936
936
672
1231
1048
1121
1200
900
621
904
904
1007

---13
2527
1855
1947
2414
2097
1871
2505
2064
2329
1786
2118
1938
2452
1806
2053
2043
1790
2097
1795
2099
1833
2097
1771
2118
2061
2151
1946
2078
1766
2561
1902
2078
1767
2070
1800
2102
1952
2412
1785
2124
1775
2121
1787
2099
1772
2138
1825
2067
2012
1762

---14
5424
5048
4516
5065
4807
4827
5032
5091
4731
4240
4322
4324
4933
4992
4412
4946
5026
4572
4472
4210
4581
4564
4237
4519
4366
5151
4473
4210
4294
5140
4573
4485
4548
4638
4149
4764
4982
4193
4830
4476
4770
4475
4221
4930
4337
4480
4708
4622
4659
5162

---15
15877
12421
12292
12561
12410
12170
12283
12284
11984
12570
12323
13075
12311
11966
12558
12339
12587
12293
11977
12508
12387
12488
12529
12534
12249
12517
12971
13006
12254
12537
12517
12456
12434
12382
12917
12585
12264
12590
12342
12116
12260
13035
12362
12102
11818
11965
12559
12281
12537
12269
