
---0
6
4
3
3
4
4
3
3
4
3
3
3
3
3
3
3
3
3
3
3
3
3
3
4
3
3
3
3
4
3
3
4
4
4
3
3
4
3
4
3
3
3
3
3
3
3
3
3
3
3

---1
5
5
5
5
4
5
5
5
5
5
5
5
5
5
5
5
4
4
5
5
4
5
5
5
5
5
5
5
5
4
5
5
5
5
5
5
4
5
4
5
5
4
5
5
5
4
5
5
5
5

---2
7
8
7
7
8
7
8
8
8
8
8
7
7
7
8
7
8
7
7
7
8
7
7
7
7
8
7
8
7
8
8
7
7
7
8
7
8
8
7
7
8
8
8
8
8
8
7
8
8
7

---3
12
14
13
13
13
13
13
13
13
13
13
14
13
13
13
13
13
13
13
13
13
13
13
13
13
13
13
14
13
13
13
14
13
13
13
14
13
14
13
13
13
14
14
13
14
12
13
14
13
13

---4
28
22
24
24
24
24
24
24
23
24
24
24
24
24
24
23
24
25
24
23
23
24
24
23
24
24
24
24
24
27
24
24
23
24
23
24
25
23
24
26
24
24
23
23
24
24
24
24
24
23

---5
45
46
46
46
45
46
45
45
45
45
45
45
45
45
46
46
46
47
46
46
48
47
45
47
46
46
45
45
47
46
46
46
46
46
46
46
46
46
46
46
46
46
45
46
46
45
54
46
48
46

---6
91
91
90
90
91
90
90
91
54
109
53
89
90
89
89
90
89
92
89
89
89
89
90
90
90
89
91
89
89
89
89
89
89
89
90
98
90
90
90
91
90
90
90
90
90
90
91
90
91
91

---7
181
181
181
183
181
184
146
169
44
172
106
177
177
177
177
177
177
181
180
177
177
176
229
179
179
147
142
178
177
180
178
129
106
183
180
181
185
183
185
180
180
136
38
162
141
177
179
178
177
181

---8
359
352
355
369
352
354
252
155
293
329
253
238
354
353
358
352
352
359
352
285
283
361
360
362
371
234
220
354
353
352
352
361
352
352
353
352
355
361
361
362
295
337
210
361
340
327
355
353
287
351

---9
691
497
452
106
469
568
563
448
421
443
249
104
621
559
577
566
220
53
55
507
475
595
565
589
318
347
559
566
215
285
573
554
131
179
560
450
563
571
576
583
284
111
552
536
564
561
497
546
362
146

---10
1076
436
446
143
738
1052
744
359
1051
805
519
256
880
596
701
150
757
430
277
618
426
1053
148
142
745
764
137
131
975
889
303
301
946
649
369
349
1171
988
280
137
1035
559
382
374
964
586
350
332
942
618

---11
691
717
1246
293
1157
337
1094
919
957
279
751
1250
277
1502
267
445
1300
282
1482
268
383
1313
276
1194
267
597
1152
309
1428
271
589
1148
295
1458
267
569
1161
330
1412
270
552
1187
276
1466
271
527
1196
289
1502
272

---12
1396
1332
1445
990
1400
1545
1547
1219
1427
647
1251
1882
1892
880
1726
1219
1163
1439
1250
920
1678
946
905
1438
937
915
1426
1072
1533
1822
1173
1160
1432
945
1053
1847
1180
1237
1434
929
908
1449
1085
1488
1727
1067
1364
1439
1103
1548

---13
3460
2242
1962
1466
1997
1969
1687
1960
2003
2006
2030
1851
2014
1744
2225
1809
2419
2003
1682
2005
1934
1985
1998
1896
2296
1969
1990
1970
1990
2466
2022
1961
1752
1974
2030
1976
1907
1997
1702
1990
1972
1997
1876
2011
2007
1689
2026
1990
1871
2071

---14
4659
4228
4908
4857
4833
4390
4731
4671
4334
4118
4821
4731
4741
4716
4692
4277
4101
4736
3853
3990
4072
3858
5143
4193
4449
4356
4363
4763
4088
4236
4032
4111
4753
4110
4772
4336
3984
4554
3916
4126
4728
4144
5434
4905
4318
4211
4802
4362
4280
4996

---15
15905
12007
12468
12124
11600
13212
12320
12950
12541
11489
11720
12025
11998
12101
11642
11963
12158
11816
11846
11610
12903
13140
11649
11943
11941
11602
12008
11993
11763
12523
12395
12533
13444
12050
12320
11924
12571
11994
11988
13300
12485
11997
12069
11715
11935
12618
12311
11944
11659
11726
