
---0
5
4
4
3
3
3
3
4
3
4
4
5
4
4
3
3
3
3
3
3
4
4
4
3
3
3
3
3
3
4
4
3
4
3
4
4
4
3
4
3
3
3
3
3
3
3
3
3
3
3

---1
4
4
4
5
4
4
4
4
5
5
4
5
4
5
4
4
5
4
4
4
4
4
4
4
5
5
4
4
5
4
4
5
4
4
4
4
4
4
4
4
5
4
4
4
5
4
4
4
4
4

---2
6
6
6
6
6
6
6
12
6
6
6
6
6
6
6
6
7
6
6
6
6
6
6
6
6
7
7
7
6
6
6
6
6
7
6
6
6
7
7
6
6
7
6
6
6
6
7
7
7
6

---3
9
9
10
10
10
10
9
18
9
10
10
9
9
10
9
9
9
9
9
10
9
10
9
10
9
9
9
9
9
9
9
9
9
9
9
9
9
9
9
10
10
10
9
10
10
9
9
9
10
9

---4
15
16
16
16
15
15
15
16
16
16
16
16
16
15
16
16
15
15
17
16
16
16
17
16
15
15
16
16
16
15
16
16
16
15
15
15
16
15
16
16
16
15
16
16
15
15
16
16
15
16

---5
30
29
28
28
29
28
28
28
28
28
28
29
30
29
30
31
30
30
30
30
29
30
30
30
30
29
33
30
30
30
30
30
30
29
29
30
29
30
30
30
30
29
46
30
30
30
30
31
29
30

---6
57
57
56
56
56
57
59
61
65
92
54
54
54
54
54
53
53
55
54
53
54
53
54
57
54
54
57
58
57
57
56
57
56
57
57
57
57
56
59
63
64
64
64
80
54
53
54
55
54
55

---7
104
106
104
109
112
112
112
128
132
136
105
106
106
107
108
112
112
116
128
137
126
106
104
103
110
113
110
113
123
137
132
106
106
106
105
112
111
112
123
141
131
104
104
105
112
106
113
111
113
128

---8
266
212
226
284
208
219
230
284
210
210
232
278
210
208
225
289
209
209
211
270
221
216
254
247
215
239
267
202
208
263
187
207
214
255
258
214
235
269
197
213
269
229
218
267
241
216
254
254
211
235

---9
449
398
358
277
297
291
250
494
469
420
441
495
501
481
440
478
463
431
325
370
371
338
319
366
465
445
449
391
425
486
372
361
411
479
469
478
437
481
424
482
461
401
315
350
375
502
502
503
395
416

---10
686
340
447
347
380
357
370
378
389
404
356
372
381
347
377
352
380
379
348
374
390
409
391
676
926
379
360
689
379
336
361
668
792
588
514
344
371
695
354
433
345
696
340
383
354
624
677
353
382
372

---11
780
758
719
807
770
718
732
751
799
753
740
721
752
1038
783
1079
1034
729
759
745
743
754
1039
752
746
737
755
759
737
744
728
755
733
1050
755
1035
760
1041
722
1050
758
781
737
1043
737
762
792
738
777
1040

---12
1481
1504
1774
1497
1535
1456
1501
1518
1455
1807
1498
1496
1457
1478
1488
1521
1493
1463
1506
1531
1459
1491
1503
1500
1456
1490
1488
1483
1725
1807
1492
1458
1794
1482
1479
1797
1499
1503
1486
1487
1485
1803
1490
1495
1487
1497
1701
1872
1467
1493

---13
2957
2969
2956
3361
2984
3277
3361
2964
3013
2940
2973
2984
2962
3268
2991
2984
2964
2951
2970
2976
2975
3072
3471
3088
2954
2995
2987
2967
3046
3320
3258
2968
2966
2966
2991
2973
3284
2964
2984
2976
2938
2968
3047
3251
2986
2995
3839
3434
3480
2973

---14
5957
6585
6265
5970
5969
5904
5964
5934
5962
5971
6125
5977
6053
5966
6324
6889
6017
6017
5945
5970
5922
6297
5944
5955
5959
5945
5983
5947
5976
6320
6309
6605
5963
5952
6007
6248
5947
6262
6303
6282
6137
6433
5962
5942
6213
5930
6109
5971
5961
6023

---15
12364
12139
12015
12247
12273
12188
11934
12288
12005
12673
12571
12327
13191
12217
12200
11926
12524
12292
12626
11980
11992
11898
11869
12328
12080
12565
11906
11903
11954
12310
12620
11936
12282
12566
11999
12291
12317
11886
12233
11923
12249
12611
11942
11899
12259
12913
12307
12198
12573
11992
