
---0
11
5
4
5
4
3
4
4
5
4
3
5
4
4
4
4
5
4
4
4
4
4
4
4
7
3
5
4
4
4
4
4
4
4
4
15
4
4
4
4
4
5
12
12
4
4
4
4
4
4

---1
8
5
5
5
9
4
5
4
5
5
5
5
5
12
7
4
5
4
4
5
4
5
4
4
6
4
5
6
4
4
4
4
4
4
4
5
4
5
4
14
4
4
5
4
5
4
7
6
4
4

---2
6
7
6
5
6
8
11
15
6
6
10
6
5
5
6
6
6
6
6
5
6
8
6
6
9
6
6
6
9
7
8
8
6
6
6
6
6
6
5
6
7
7
10
6
5
6
6
6
6
6

---3
9
9
8
9
8
8
9
10
9
9
9
11
9
13
9
9
9
9
8
10
9
9
9
9
8
9
9
9
9
9
9
9
10
9
9
9
9
9
9
9
9
9
9
9
9
9
11
9
11
9

---4
16
16
16
16
17
17
16
17
17
18
17
16
16
17
16
17
17
16
16
18
17
17
24
16
16
16
16
17
16
17
17
16
17
16
16
16
30
16
17
17
22
25
16
16
16
17
15
22
16
19

---5
28
28
29
28
27
28
27
28
49
35
28
28
28
29
29
29
29
30
30
29
30
31
31
36
30
29
29
29
29
29
29
32
30
29
40
29
29
36
28
28
27
29
28
31
29
27
28
27
28
27

---6
54
55
55
55
58
57
57
58
71
56
63
61
52
53
53
52
54
55
54
55
54
55
53
57
55
57
67
62
53
52
54
53
56
55
55
55
54
53
54
56
56
65
62
51
52
53
51
55
54
54

---7
106
104
112
126
108
101
109
106
116
117
127
106
107
108
106
119
113
108
106
112
116
125
109
101
108
116
109
131
106
106
113
112
109
119
104
106
110
111
113
111
118
108
111
109
110
125
103
109
113
111

---8
240
218
232
210
224
233
249
216
247
215
241
212
250
211
244
219
226
231
235
210
225
229
238
216
248
212
209
222
245
216
252
215
241
214
226
236
202
185
246
211
231
237
239
239
253
211
222
231
239
216

---9
476
481
459
479
468
411
446
417
433
448
358
378
401
484
448
394
409
433
393
444
473
431
460
449
381
358
315
310
372
447
422
484
446
388
386
428
455
439
390
403
461
461
460
473
481
406
360
338
295
461

---10
704
554
558
453
410
347
364
343
369
416
359
373
358
352
361
338
353
357
365
360
355
346
356
357
351
352
348
363
343
354
353
346
359
361
360
339
356
454
804
365
374
360
359
345
405
391
371
347
371
404

---11
788
720
719
732
723
693
725
726
692
977
714
716
1022
1010
705
686
732
714
698
1019
715
708
711
702
702
719
705
698
1003
716
722
703
705
707
690
694
1032
770
708
770
1031
695
698
1027
695
720
1009
723
728
716

---12
1419
1408
1417
1444
1397
1428
1421
1420
1413
1416
1433
1427
1414
1432
1418
1423
1431
1414
1417
1428
1405
1399
1419
1730
1413
1422
1424
1435
1413
1403
1412
1405
1478
1410
1423
1417
1416
1433
1430
1459
1431
1431
1410
1752
1420
1413
1421
1408
1410
1743

---13
2848
2839
2848
2847
2864
2858
2884
2835
2841
3159
2837
2842
3165
3169
2895
2855
3147
2907
2876
2867
2852
3186
3143
2854
2865
2872
2870
2877
2872
2844
2882
2865
3200
2847
2847
3168
2861
2863
2859
2855
2852
2861
2847
3172
2865
2870
2860
2933
2876
2874

---14
5766
5711
6425
5715
5678
5725
6038
5775
6014
6029
5786
5745
5741
12416
17834
6056
5706
6020
5686
5972
5993
5978
5672
5648
5663
5667
5773
5656
5956
5694
5754
5631
5667
5666
5711
5671
6329
5621
5973
5638
5661
5973
5992
5653
5667
5670
5697
5663
5641
5698

---15
11327
11257
11314
11566
11886
11752
11305
11319
11674
11912
11317
11648
11454
11659
11641
11341
11740
11618
11585
11654
12028
11690
11349
11363
11285
11285
11178
11120
11653
12122
11744
11684
11382
11664
11659
11571
11798
12334
11654
11371
11370
11322
11323
11414
11410
11428
11337
11346
11329
11639
