128.447
128.462
128.415
128.413
128.474
128.413
128.411
128.623
128.674
128.677
128.683
128.709
128.726
128.719
128.778
128.759
128.765
128.768
128.771
128.796
128.798
128.902
128.858
128.835
128.847
128.840
128.949
128.948
128.877
128.979
128.980
128.944
128.951
128.959
129.041
129.031
129.037
129.052
129.042
129.039
129.027
129.125
129.094
129.101
129.151
129.158
129.154
129.144
129.204
129.189
129.196
129.265
129.226
129.231
129.209
129.293
129.323
129.254
129.272
129.335
129.335
129.397
129.329
129.399
129.401
129.397
129.342
129.390
129.390
129.383
129.398
129.401
129.398
129.510
129.464
129.501
129.492
129.580
129.573
129.509
129.519
129.568
129.544
129.587
129.600
129.610
129.610
129.678
129.641
129.660
129.709
129.686
129.749
129.726
129.752
129.837
