100~
Total:        145  145   0.0    145     145
Total:        147  149   2.2    150     150
Total:        150  150   0.8    151     151
Total:        149  150   1.3    150     152
Total:        146  153   5.2    155     158
Total:        144  153   8.4    159     162
Total:        123  136  11.5    137     150
Total:        124  135   8.2    138     147
Total:        133  151  24.2    147     209
Total:        130  162  29.5    150     210
Total:        133  175  29.5    175     222
Total:        137  181  35.2    183     230
Total:        138  190  37.1    198     234
Total:        123  196  37.6    197     250
Total:        145  205  30.5    212     246
Total:        128  199  39.9    219     253
Total:        142  204  32.8    213     257
Total:        136  192  41.4    203     264
Total:        131  178  34.6    179     237
Total:        137  177  35.6    177     238
Total:        130  170  33.2    180     216
Total:        140  168  29.3    164     214
Total:        143  166  23.8    161     205
Total:        129  157  28.1    155     202
Total:        144  164  23.3    155     214
Total:        148  164  20.2    151     210
Total:        166  177  16.6    169     221
Total:        162  179  20.6    167     227
Total:        164  182  22.2    167     224
Total:        191  202  17.2    194     248
Total:        191  201  17.7    191     247
Total:        195  206  17.3    198     257
Total:        194  210  20.9    196     257
Total:        199  215  21.8    202     271
Total:        226  234  14.6    228     283
Total:        235  242  12.6    238     289
Total:        237  246  14.8    241     297
Total:        235  247  17.7    239     292
Total:        252  261  14.3    255     305
Total:        261  269  13.2    264     315
Total:        260  270  15.7    264     322
Total:        272  283  16.6    276     327
Total:        284  292  12.6    288     345
Total:        275  288  17.7    280     340
Total:        294  303  13.3    299     349
Total:        291  303  17.7    295     356
Total:        308  317  12.7    313     370
Total:        313  322  14.6    317     372
Total:        311  323  18.2    315     386
Total:        319  329  14.5    324     374
Total:        332  342  14.7    336     397
Total:        347  355  11.2    352     400
Total:        353  361  12.2    358     415
Total:        357  365  11.7    361     410
Total:        355  366  15.0    360     417
Total:        373  382  12.5    377     427
Total:        374  383  14.5    378     436
Total:        376  396  15.5    402     434
Total:        389  398  13.4    394     448
Total:        409  416  11.0    413     463
Total:        412  417  11.7    413     469
Total:        413  423  13.0    419     477
Total:        414  424  13.7    420     472
Total:        426  434  12.1    429     480
Total:        429  439  13.1    435     489
Total:        441  451  12.0    447     505
Total:        450  459  12.2    456     514
Total:        480  483   9.6    480     530
Total:        455  469  16.4    463     526
Total:        481  489  10.1    487     534
Total:        476  483  13.8    478     544
Total:        481  491  12.4    488     538
Total:        495  504   9.9    502     552
Total:        492  502  14.5    498     561
Total:        521  532  12.3    527     590
Total:        515  526  12.4    522     577
Total:        530  539   9.4    537     583
Total:        527  536  11.7    534     590
Total:        519  528  15.5    521     580
Total:        530  542  13.1    538     598
Total:        534  547  14.6    541     599
Total:        563  572   9.9    570     626
Total:        572  579   7.8    577     622
Total:        577  586   9.5    584     642
Total:        584  591   9.0    589     640
Total:        571  586  16.6    580     651
Total:        591  602  12.4    598     658
Total:        593  606  13.1    602     662
Total:        612  625  10.7    625     676
Total:        616  622  11.1    618     670
Total:        618  629  13.3    626     688
Total:        633  643   9.7    642     688
Total:        630  642  13.3    638     694
Total:        648  658   8.6    655     702
Total:        659  666   8.2    665     715
Total:        662  669  10.7    666     725
Total:        664  675  11.7    673     724
Total:        665  682  14.5    674     739
Total:        681  693  10.7    690     732
